Maximum Product Subarray

  		[  2  ,  3  ,  -2  ,  4  ,  5  ,  6 ]
		   2     3     -2    4            
	          	          6                  20    
	                               -12                 120
		                       -48          
		                            -240   
			                    -1440	
  -----------------------------------------------------------
curren_max               2     6      6     6      20     120


思路 O(n)
每次都取自己 前面給的最大值，最小值 3個乘積中，抓出最大最小，然後先跟目前最大值比較比較大就更新






			[2  ,  3  ,  -2  ,4]

                                                2      2     -2  4  
                                                        6    -12  -48
-------------------------------------------------------------------
current_max                              2     6    6     6   