               
[i,j]



     [0][0]                          n = 2

       1    2    3  [0][2]           [i,j] [j,n-i] [n-i,n-j] [n-j,i]
 
       4    5    6                   [0,1]  [1,2]  [2,1]   [1,0]

 [2,0] 7    8    9                   [0,0]  [0,2]  [2,2]   [2,0]
         	   [2][2]

	
       7    4    1
 
       8    5    2

       9    6    3


n = len(matrix)-1



i = 0
while i <= n-1-i+
	
	m[i][] 




	i += 1




                                          n=4-1=3

       7    4    1    13               [1][1]   [1][2]  [2][2]  [2][1]     
 
       8    5    2    14               [i,j] [j,n-i] [n-i,n-j] [n-j,i]
 
       9    6    3    15               [1,1]   [1,2]    [2,2]    [2,1]
    
      10   11    12   16 


	
      10    9    8    7                      
 
      11    6    5    4
 
      12    3    2    1
   
      16   15    14   13








