Sum Root to Leaf Numbers



       4

    2       9
  1    3


 421 
+423
+ 49
-----
 893

結算條件
當node 的兩個子節點都是 none 



       4

    2        9
  1    3   5

 421 
+423
+495
----
1339

       4

    2        8
  1    3        9

 421 
+423
+489
----
1333


       4

    2        8
  1            9


421+489
-------
910

       4

    2        9
  1    3        8


421+423+498
-----

1342


       4

    2        8
  1        7    9



421+487+489


       4

    2        8
  1        7    9
          6

